%   Generated By ERA Toolbox for Matlab ,By Chen yi, Chong Qing UnivercityBy Chen yi, Chong Qing Univercity
%   Jan.,24th,2004
 %   Chen_yi2000@sina.com
19-Oct-2019

Modal Mass M

1.00609e-13
-9.37281e-14
-1.05027e-13
-8.42813e-14
-1.08613e-13
-7.32972e-14
-1.10677e-13
6.11268e-14
1.10861e-13
-4.8165e-14
-1.09146e-13
3.49324e-14
1.05724e-13
-8.80402e-14
-1.07173e-13
8.284e-14
1.09408e-13
7.76888e-14
1.11075e-13
-7.35122e-14
-1.12341e-13
6.60336e-14
1.11877e-13
-6.27108e-14
-1.10995e-13
-7.01256e-14
-1.12743e-13
-6.01614e-14
-1.10273e-13
-5.74233e-14
-1.09592e-13
5.35823e-14
1.08775e-13
-4.82764e-14
-1.07604e-13
4.17515e-14
1.05911e-13
-3.45965e-14
-1.0368e-13
-1.07952e-13
-7.50599e-14
1.06913e-13
7.94985e-14
-1.05796e-13
-8.30298e-14
-1.04758e-13
-8.5711e-14
-1.03859e-13
-8.77495e-14
1.03099e-13
8.93778e-14
7.9251e-14
1.07293e-13
6.8762e-14
1.09128e-13
1.4182e-13
5.65895e-14
1.09084e-13
-1.02152e-13
-9.33151e-14
1.02271e-13
9.36803e-14
7.75227e-14
1.06252e-13
-7.18108e-14
-1.07384e-13
-6.63061e-14
-1.07944e-13
1.08091e-13
6.36619e-14
-8.28316e-14
-1.04614e-13
-8.69089e-14
3.31047e-16
-8.73166e-14
-1.02693e-13
-9.37857e-14
-1.20053e-14
-9.91949e-14
-2.34259e-14
9.08271e-14
1.00744e-13
-1.0316e-13
-3.33719e-14
-9.34594e-14
-9.893e-14
-1.06016e-13
-4.19475e-14
-1.08138e-13
-4.96904e-14
-9.54461e-14
-9.72895e-14
9.61485e-14
-1.0973e-13
-5.72074e-14
-1.10293e-13
-6.45754e-14
1.0275e-13
8.73065e-14
-1.09503e-13
-7.07507e-14
-1.06832e-13
-7.68134e-14
1.0848e-13
6.54625e-14
1.08204e-13
7.62758e-14
-1.08131e-13
-5.40709e-14
9.70286e-14
9.57908e-14
-1.01668e-13
-9.33725e-14
9.83663e-14
9.44288e-14
1.17952e-13
6.80704e-14
-9.95334e-14
-9.33606e-14
-1.00624e-13
-9.29818e-14
