%   Generated By ERA Toolbox for Matlab ,By Chen yi, Chong Qing UnivercityBy Chen yi, Chong Qing Univercity
%   Jan.,24th,2004
 %   Chen_yi2000@sina.com
19-Oct-2019

System Mass M

-3.27299e-15
-1.26665e-15
8.49114e-16
9.76695e-16
8.19212e-16
4.76733e-16
-1.93123e-15
-4.10181e-15
3.08907e-16
-6.32711e-16
-3.00672e-16
6.66682e-16
2.02404e-15
3.50119e-16
1.78166e-15
-4.25812e-16
-2.41846e-15
-6.36275e-16
4.66017e-16
8.70359e-15
-3.74001e-16
-2.29492e-16
-1.8556e-16
5.47296e-15
5.88135e-16
-8.75432e-16
-1.30111e-15
-1.08743e-14
-3.81462e-16
-9.67865e-15
-4.67342e-16
-2.31006e-15
-2.12662e-16
7.25685e-15
8.16317e-16
4.49055e-16
-1.77978e-14
5.48754e-15
-2.14178e-15
4.34935e-16
1.4062e-15
-7.72185e-16
5.81365e-16
2.75833e-16
-2.51109e-15
5.92447e-16
3.01177e-16
-1.46173e-15
1.10675e-15
6.92142e-16
4.81163e-16
1.01143e-15
5.91301e-15
-1.88491e-15
-6.17711e-16
-2.31734e-15
-2.1183e-16
1.14226e-15
-3.20444e-16
7.95614e-15
4.17426e-16
-2.89251e-15
1.94947e-15
6.45932e-16
-2.89367e-15
7.4832e-16
7.12896e-16
1.42652e-15
-4.27465e-16
1.05844e-15
4.04915e-16
-1.10624e-15
9.79807e-16
-5.01081e-15
5.44631e-16
1.62366e-15
3.05569e-16
-8.09266e-16
1.57726e-15
-1.17761e-14
1.77795e-15
1.99955e-15
4.48853e-16
1.97803e-15
-1.83836e-15
-4.20526e-15
6.81159e-15
4.33932e-16
2.71517e-16
1.36817e-15
-2.79633e-16
5.13775e-16
-3.47323e-16
-2.05666e-15
3.43835e-16
-9.08762e-16
4.36188e-16
-6.61186e-15
2.59087e-15
-2.42799e-15
3.30797e-16
1.3493e-15
-4.99804e-16
6.9014e-16
-4.38038e-16
-1.17668e-15
4.87486e-16
4.63276e-16
-7.22396e-16
-1.11818e-15
6.12351e-16
1.2048e-15
-2.43009e-15
1.39971e-15
-9.7744e-16
4.37043e-13
-6.85915e-16
-1.88301e-15
1.4842e-15
-1.16499e-14
3.80977e-15
