0.874367   0
0.0649887   0.0499792
0.867784   0.0998334
1.12028   0.149438
1.18875   0.198669
1.03627   0.247404
0.734179   0.29552
0.841209   0.342898
0.603382   0.389418
1.07846   0.434966
0.799461   0.479426
1.48279   0.522687
1.29127   0.564642
1.01714   0.605186
1.38878   0.644218
0.949586   0.681639
1.15728   0.717356
1.68466   0.75128
1.46666   0.783327
1.02598   0.813416
1.68071   0.841471
1.49621   0.867423
1.02498   0.891207
1.1199   0.912764
1.53924   0.932039
1.57887   0.948985
1.33404   0.963558
1.55087   0.975723
1.43687   0.98545
1.03661   0.992713
1.02468   0.997495
1.31247   0.999784
1.01244   0.999574
1.38083   0.996865
1.67478   0.991665
1.07683   0.983986
1.00919   0.973848
1.57367   0.961275
1.55484   0.9463
0.94472   0.92896
0.925652   0.909297
1.07744   0.887362
1.45013   0.863209
0.89448   0.836899
1.17606   0.808496
1.40952   0.778073
1.46334   0.745705
1.40414   0.711473
0.759542   0.675463
1.09212   0.637765
1.0403   0.598472
0.910934   0.557684
0.669108   0.515501
1.14768   0.472031
1.12659   0.42738
1.10917   0.381661
0.813373   0.334988
0.84232   0.287478
0.360296   0.239249
0.641177   0.190423
0.857003   0.14112
