%  Generated By ERA Toolbox for Matlab ,By Chen yi, Chong Qing Univercity
%   Jan.,24th,2004
 %   Chen_yi2000@sina.com

19-Oct-2019

Order        Damper Ratio         Modal Freqency(Hz.)        

1          0.000305622                 10.1265
     2          0.000305753                 30.0424
     3          0.000308452                 30.258
     4          0.000308584                 49.8076
     5          0.000308907                 50.2418
     6          0.000309076                 69.8005
     7          0.000311821                 70.4866
     8          0.000311993                 89.5438
     9          0.000318586                 90.4829
     10          0.000318692                 109.541
     11          0.000321649                 110.738
     12          0.000321757                 129.282
     13          0.000324382                 130.737
     14          0.00032461                 149.281
     15          0.000324881                 150.989
     16          0.000324954                 169.026
     17          0.000327624                 170.988
     18          0.000327858                 189.026
     19          0.000328065                 191.23
     20          0.000328141                 208.782
     21          0.000335218                 211.23
     22          0.00033534                 228.781
     23          0.000335574                 231.458
     24          0.000335635                 248.552
     25          0.000337513                 251.458
     26          0.000337553                 268.552
     27          0.000338783                 271.671
     28          0.000338832                 288.338
     29          0.000339133                 291.671
     30          0.000339146                 308.338
     31          0.000340956                 311.872
     32          0.000340997                 328.136
     33          0.000343198                 331.872
     34          0.000343467                 348.135
     35          0.000345775                 352.068
     36          0.000346156                 367.939
     37          0.000346221                 372.068
     38          0.000346429                 387.939
     39          0.000349658                 392.256
     40          0.000350113                 407.75
     41          0.000350322                 412.256
     42          0.000350843                 427.75
     43          0.000354346                 432.591
     44          0.000354879                 447.414
     45          0.000359003                 452.591
     46          0.000359003                 467.414
     47          0.000368042                 472.785
     48          0.00036868                 487.22
     49          0.000372472                 492.785
     50          0.000373126                 507.22
     51          0.00039097                 512.418
     52          0.000391753                 527.587
     53          0.000395914                 532.417
     54          0.000396717                 547.587
     55          0.000408023                 552.984
     56          0.000408936                 567.019
     57          0.000408936                 572.984
     58          0.000410149                 587.019
     59          0.000412339                 593.183
     60          0.000413316                 606.82
     61          0.000413572                 613.183
     62          0.000414253                 626.82
     63          0.000415378                 633.379
     64          0.000416592                 646.623
     65          0.000418893                 653.379
     66          0.000420128                 666.623
     67          0.000422711                 673.573
     68          0.000423949                 686.429
     69          0.000426194                 693.573
     70          0.000426413                 706.429
     71          0.000427443                 713.767
     72          0.000427673                 726.235
     73          0.000430063                 733.767
     74          0.000431334                 746.235
     75          0.000431892                 753.963
     76          0.000433311                 766.039
     77          0.000435742                 773.963
     78          0.000437186                 786.038
     79          0.000439416                 794.162
     80          0.000440539                 805.84
     81          0.000445427                 814.162
     82          0.000446581                 825.84
     83          0.000476614                 834.363
     84          0.000478001                 845.639
     85          0.000483511                 854.363
     86          0.000484939                 865.639
     87          0.000497068                 874.565
     88          0.000498761                 885.437
     89          0.000502521                 894.565
     90          0.000504251                 905.436
     91          0.000505882                 914.768
     92          0.000507506                 925.233
     93          0.00051197                 934.768
     94          0.00051342                 945.233
     95          0.00051376                 954.974
     96          0.000515093                 965.027
     97          0.00051556                 974.974
     98          0.00051737                 985.027
     99          0.000517982                 995.183
     100          0.000519815                 1004.82
     101          0.000521914                 1015.18
     102          0.000523769                 1024.82
     103          0.000533049                 1035.4
     104          0.000534975                 1044.6
     105          0.000538596                 1055.4
     106          0.000540143                 1064.6
     107          0.000540253                 1075.61
     108          0.000540549                 1084.39
     109          0.000542122                 1095.61
     110          0.000542159                 1104.39
     111          0.000546168                 1110.03
     112          0.000548177                 1130.03
     113          0.00054855                 1135.82
     114          0.000550515                 1144.18
     115          0.000580165                 1155.82
     116          0.000582405                 1164.18
     117          0.000589356                 1176.01
     118          0.000591668                 1183.99
     119          0.000752902                 1196.01
     120          0.000757467                 1203.99
     121          0.000758347                 1216.16
     122          0.000762521                 1223.84
     123          0.000766063                 1236.16
     124          0.000766246                 1243.84
     125          0.000770262                 1257.53
     126          0.000771002                 1262.47
     127          0.000771701                 1277.53
     128          0.000775489                 1282.47
     129          0.000778768                 1297.68
     130          0.000782117                 1302.32
     131          0.000783681                 1317.68
     132          0.000788384                 1322.32
     133          0.000796542                 1337.82
     134          0.000803043                 1342.18
     135          0.000819918                 1357.82
     136          0.000827072                 1362.18
     137          0.000835616                 1377.97
     138          0.000843048                 1382.03
     139          0.000875551                 1397.97
     140          0.00088386                 1402.03
     141          0.000892978                 1417.39
     142          0.000901623                 1422.61
     143          0.000945472                 1437.39
     144          0.00095522                 1442.61
     145          0.000965067                 1458.11
     146          0.000975226                 1461.89
     147          0.00102783                 1478.11
     148          0.00103934                 1481.89
     149          0.00105005                 1497.26
     150          0.00106206                 1502.74
     151          0.00112205                 1517.26
     152          0.00113569                 1522.74
     153          0.00114739                 1538.26
     154          0.00116166                 1541.74
     155          0.00122863                 1558.26
     156          0.00124485                 1561.74
     157          0.00125769                 1578.4
     158          0.00127469                 1581.6
     159          0.00134898                 1598.4
     160          0.00136833                 1601.6
     161          0.00138246                 1617.13
     162          0.00140279                 1622.87
     163          0.0014844                 1637.13
     164          0.00150756                 1642.87
     165          0.00152315                 1658.55
     166          0.00154755                 1661.45
     167          0.00163521                 1678.55
     168          0.001663                 1681.45
     169          0.00168024                 1697
     170          0.00170959                 1703
     171          0.00180107                 1717
     172          0.00183446                 1723
     173          0.00185355                 1738.69
     174          0.00188892                 1741.31
     175          0.0019826                 1758.69
     176          0.00202279                 1761.31
     177          0.00204392                 1778.84
     178          0.00208666                 1781.16
     179          0.00218381                 1798.84
     180          0.00223238                 1801.16
     181          0.00225579                 1816.87
     182          0.00230764                 1823.13
     183          0.00241323                 1836.87
     184          0.00247234                 1843.13
     185          0.00249835                 1860
     186          0.00256176                 1860
     187          0.00288791                 1878.99
     188          0.00289411                 1881.01
     189          0.00297019                 1898.99
     190          0.00297889                 1901.01
     191          0.00299738                 1919.15
     192          0.00301291                 1920.85
     193          0.00308612                 1939.15
     194          0.0031049                 1940.85
     195          0.00326276                 1959.88
     196          0.00336963                 1960.12
     197          0.00340861                 1979.88
     198          0.00352541                 1980.12
     199          0.00374098                 1999.29
     200          0.00388158                 2000.71
     201          0.00392447                 2019.29
     202          0.00407949                 2020.71
     203          0.00413321                 2039.77
     204          0.00430951                 2040.23
     205          0.00435787                 2059.77
     206          0.00455432                 2060.23
     207          0.00461263                 2079.65
     208          0.00483866                 2080.35
     209          0.00489377                 2099.65
     210          0.00514896                 2100.35
     211          0.00518901                 2119.42
     212          0.00548553                 2120.59
     213          0.00554893                 2139.42
     214          0.00588936                 2140.59
     215          0.0059024                 2159.53
     216          0.00630364                 2160.47
     217          0.00637733                 2179.53
     218          0.00684732                 2180.47
     219          0.00684832                 2196.75
     220          0.00686921                 2203.25
     221          0.00699297                 2216.75
     222          0.00741628                 2223.25
     223          0.00750324                 2236.3
     224          0.0081919                 2243.71
     225          0.00820665                 2256.3
     226          0.00907239                 2263.71
     227          0.00917767                 2276.64
     228          0.0102741                 2283.36
     229          0.010345                 2296.64
     230          0.0118124                 2303.36
     231          0.0119453                 2319.09
     232          0.0139456                 2320.92
     233          0.0141425                 2339.09
     234          0.0171213                 2340.92
     235          0.0173008                 2356.53
     236          0.0219784                 2363.47
     237          0.0225058                 2376.53
     238          0.0312671                 2383.47
     239          0.0315397                 2396.42
     240          0.0519173                 2403.58
     241          0.0531036                 2416.42
     242          0.157544                 2423.58
     

Sampling Freqency(Hz.)
     20     