%   Generated By ERA Toolbox for Matlab ,By Chen yi, Chong Qing UnivercityBy Chen yi, Chong Qing Univercity
%   Jan.,24th,2004
 %   Chen_yi2000@sina.com
09-Feb-2004

System Mass M

9.35573e-015
3.62068e-015
-2.42716e-015
2.79185e-015
2.34169e-015
1.36272e-015
-5.52036e-015
-1.17249e-014
-8.83e-016
1.80858e-015
8.5946e-016
1.90569e-015
-5.78565e-015
1.0008e-015
-5.09282e-015
-1.21717e-015
6.91308e-015
1.81877e-015
1.33209e-015
2.48789e-014
-1.06907e-015
6.55996e-016
5.30417e-016
-1.56443e-014
1.68116e-015
-2.50239e-015
-3.71919e-015
-3.10837e-014
-1.09039e-015
-2.76661e-014
1.33588e-015
-6.60323e-015
-6.07887e-016
2.07435e-014
2.33341e-015
-1.28361e-015
-5.08745e-014
-1.56859e-014
-6.12221e-015
-1.24325e-015
4.01959e-015
2.20726e-015
1.66181e-015
7.88459e-016
-7.17786e-015
-1.69349e-015
-8.60905e-016
4.17832e-015
3.16361e-015
1.97847e-015
1.37539e-015
2.89114e-015
-1.69021e-014
-5.38796e-015
1.76571e-015
6.62403e-015
-6.05509e-016
-3.26511e-015
-9.15979e-016
-2.27424e-014
1.1932e-015
8.26814e-015
-5.5725e-015
-1.84637e-015
-8.27146e-015
-2.13905e-015
-2.03779e-015
4.07766e-015
-1.22189e-015
3.02551e-015
1.15744e-015
-3.16214e-015
-2.80075e-015
1.43232e-014
-1.55681e-015
4.64117e-015
8.73458e-016
2.31326e-015
4.50855e-015
3.36614e-014
5.08222e-015
-5.71564e-015
-1.28303e-015
-5.65413e-015
-5.25488e-015
1.20206e-014
1.94707e-014
-1.24038e-015
-7.76121e-016
3.91085e-015
7.99322e-016
1.46861e-015
-9.92812e-016
5.87888e-015
9.82841e-016
-2.59766e-015
-1.24683e-015
1.88998e-014
7.40591e-015
6.94032e-015
9.45571e-016
-3.85692e-015
1.42867e-015
1.97274e-015
1.25212e-015
3.36351e-015
-1.39346e-015
1.32426e-015
2.06494e-015
-3.19629e-015
1.75038e-015
-3.44389e-015
6.94633e-015
-4.00103e-015
-2.79398e-015
-1.24927e-012
-1.96066e-015
-5.38251e-015
-4.24253e-015
-3.33008e-014
1.08901e-014
