%   Generated By ERA Toolbox for Matlab ,By Chen yi, Chong Qing UnivercityBy Chen yi, Chong Qing Univercity
%   Jan.,24th,2004
 %   Chen_yi2000@sina.com
09-Feb-2004

Modal Mass M

2.12019e-012
-1.6572e-013
-4.96214e-013
-9.28787e-013
-1.13473e-012
1.65186e-012
1.66305e-012
8.79754e-013
6.39613e-013
1.35966e-012
1.10228e-012
-1.27031e-012
-1.01787e-012
-1.72669e-012
-1.84725e-012
2.21389e-012
2.20446e-012
2.00036e-012
1.79521e-012
1.86129e-012
1.96487e-012
2.64329e-012
2.47271e-012
-9.87565e-013
-6.60352e-013
-1.10645e-012
-1.53742e-012
-2.15934e-012
-2.24177e-012
-1.63544e-012
-1.94654e-012
-3.97831e-013
-7.81145e-013
-6.56675e-013
-2.97847e-013
-1.55975e-012
-1.23673e-012
-1.16875e-012
-1.48604e-012
2.36033e-012
2.27328e-012
-5.83086e-013
-1.76831e-013
1.46748e-012
1.09892e-012
1.48959e-012
1.76536e-012
1.02517e-012
1.35473e-012
-6.97474e-013
-1.07031e-012
-1.25044e-014
-6.51207e-013
1.07153e-012
7.24094e-013
2.06109e-012
2.2185e-012
1.45291e-012
1.10014e-012
1.79799e-012
2.04981e-012
1.59035e-012
1.86528e-012
-1.55655e-012
-1.82875e-012
2.54128e-012
2.43233e-012
7.44598e-014
5.41618e-013
2.48554e-012
2.49574e-012
-6.48612e-013
-1.01687e-012
-8.65804e-013
-1.24817e-012
4.11048e-013
-6.23568e-014
-1.0475e-012
-7.2947e-013
-2.22831e-012
-2.29902e-012
-2.84366e-012
-2.79801e-012
-1.94315e-012
-2.18017e-012
-2.55826e-012
-2.63198e-012
2.5475e-012
2.41792e-012
-1.92431e-012
-2.20186e-012
2.26332e-012
2.28014e-012
2.1264e-012
1.88047e-012
4.36151e-013
7.41495e-014
1.66637e-012
1.95685e-012
3.25722e-013
6.62486e-013
6.72382e-013
2.90671e-013
2.3169e-012
2.5193e-012
-4.47154e-012
-2.20618e-012
-2.17163e-012
6.05715e-013
9.1126e-013
-1.44124e-012
-1.16209e-012
-1.76903e-012
-1.7067e-012
-2.19472e-012
-2.23286e-012
-2.32453e-012
-1.19249e-012
-8.2195e-013
-1.30197e-012
-9.3521e-013
